CPU-GPU copy time = 8.9e-05 seconds
n = 2000, simulation time = 0.495837 seconds
n = 2000, absmin = 0.782341, absavg = 0.958756
